2356 25735
28639 12868
42055 25761
68364 20453
89365 55233
145146 150424
296118 152200
448866 143121
592535 104581
697664 53688
751900 50200
802648 59074
862270 104644
967462 109010
1077020 132595
1210163 157934
1368645 135932
1505125 96088
1601761 104109
1706418 145043
1852009 303199
2155756 137238
2293542 160657
2454747 233621
2688916 205351
2894815 148243
3043606 119857
3164011 95785
3260344 98739
3359631 105216
3465395 46943
3512886 46696
3560130 37299
3597977 15520
3614045 31716
3646309 75062
3721919 77578
3800045 221642
4022235 178798
4201581 178151
4380280 88230
4469058 91028
4560634 129269
4690451 185224
4876223 175897
5052668 176286
5229502 66513
5296563 94247
5391358 81286
5473192 125077
5598817 101615
5700980 113974
5815502 102173
5918223 194138
6112909 178239
6291696 144292
6436536 114349
6551433 134682
6686663 95857
6783068 70362
6853978 158198
7012724 162148
7175420 179800
7355768 135789
7492105 116024
7608677 114060
7723285 68486
7792319 85121
7877988 56900
7935436 71053
8007037 82312
8089897 106753
8197198 167831
8365577 126605
8492730 92302
8585580 120877
8707005 155231
8862784 134689
8998021 131263
9129832 220042
9350422 151203
9502173 189201
9691922 172257
9864727 170840
10036115 158208
10194871 146351
10341770 88704
10431022 102577
10534147 108347
10643042 103559
10747149 119871
10867568 166827
11034943 232572
11268063 220475
11489086 188002
11677636 82013
11760197 140152
11900897 125736
12027181 139205
12166934 103522
12271004 104082
12375634 163906
12540088 153747
12694383 178150
12873081 226787
13100416 296663
13397627 193278
13591453 212260
13804261 305262
14110071 285919
14396538 207030
14604116 131385
14736049 121049
14857646 70175
14928369 87305
15016222 116777
15133547 84715
15218810 118998
15338356 150016
15488920 130596
15620064 88266
15708878 102367
15811793 80189
15892530 75241
15968319 84114
16052981 92323
16145852 142964
16289364 125064
16414976 134937
16550461 148633
16699642 194403
16894593 186528
17081669 165034
17247251 163576
17411375 171776
17583699 179607
17763854 141947
17906349 120589
18027486 119057
18147091 119158
18266797 103033
18370378 98263
18469189 109805
18579542 129009
18709099 155123
18864770 123971
18989289 127693
19117530 149984
19268062 102444
19371054 107620
19479222 151075
19630845 139330
19770723 100348
19871619 112635
19984802 131972
20117322 58439
20176309 84954
20261811 61794
20324153 32148
20356849 43216
20400613 29729
20430890 105302
20536740 51279
20588567 45799
20634914 41595
20677057 104706
20782311 136006
20918865 154746
21074159 112168
21186875 109913
21297336 80743
21378627 116796
21495971 108744
21605263 85741
21691552 112767
21804867 172714
21978129 114025
22092702 76124
22169374 91175
22261097 71330
22332975 66498
22400021 58202
22458771 65224
22524543 115868
22640959 123970
22765477 115633
22881658 148864
23031070 100841
23132459 146859
23279866 175712
23456126 132252
23588926 134543
23724017 96592
23821157 105791
23927496 74277
24002321 128244
24131113 82151
24213812 69635
24283995 70571
24355114 82128
24437790 120659
24558997 120823
24680368 108471
24789387 95705
24885640 106119
24992307 118833
25111688 69933
25182169 169889
25352606 393295
25746449 204389
25951386 156051
26107985 156754
26265287 191148
26456983 101730
26559261 96283
26656092 93245
26749885 145275
26895708 194260
27090516 255366
27346430 157149
27504127 199310
27703985 140260
27844793 138295
27983636 93407
28077591 88618
28166757 112919
28280224 128943
28409715 111124
28521387 150184
28672119 157472
28830139 174908
29005595 130815
29136958 305621
29443127 220202
29663877 300086
29964511 408574
30373633 290961
30665142 234583
30900273 278192
31179013 275419
31454980 154078
31609606 127778
31737932 142155
31880635 93777
31974960 139230
32114738 174200
32289486 181584
32471618 209245
32681411 236165
32918124 123743
33042415 142902
33185865 210007
33396420 72606
33469574 105035
33575157 79782
33655487 143177
33799212 144674
33944434 102380
34047362 93610
34141520 42898
34184966 120579
34306093 181951
34488592 142314
34631454 174278
34806280 62862
34869690 91506
34961744 37089
34999381 39262
35039191 45515
35085254 81352
35167154 108763
35276465 128805
35405818 74411
35480777 82892
35564217 81550
35646315 68714
35715577 75372
35791497 37800
35829845 51969
35882362 89811
35972721 87699
36060968 55187
36116703 93518
36210769 83889
36295206 131361
36427115 234026
36661689 248495
36910732 180674
37091954 152434
37244936 156931
37402415 143276
37546239 135040
37681827 144641
37827016 138770
37966334 48313
38015195 65957
38081700 91754
38174002 245879
38420429 196883
38617860 114121
38732529 193108
38926185 103602
39030335 140925
39171808 92628
39264984 105081
39370613 184849
39556010 75466
39632024 80521
39713093 136293
39849934 116572
39967054 130392
40097994 102251
40200793 86001
40287342 110408
40398298 61985
40460831 49009
40510388 77196
40588132 110383
40699063 115671
40815282 124465
40940295 131196
41072039 107057
41179644 122785
41302977 131358
41434883 120010
41555441 129712
41685701 137602
41823851 159750
41984149 164582
42149279 176468
42326295 184700
42511543 162105
42674196 156592
42831336 147082
42978966 148816
43128330 152291
43281169 153785
43435502 144461
43580511 140264
43721323 128657
43850528 140398
43991474 147148
44139170 153324
44293042 148484
44442074 140314
44582936 137848
44721332 140009
44861889 130685
44993122 104073
45097743 90480
45188771 64809
45254128 45855
45300531 23472
45324551 15896
45340995 30024
45371567 99843
45471958 110459
45582965 127174
45710687 139303
45850538 125486
45976572 125370
46102490 71815
46174853 85611
46261012 88131
46349691 91202
46441441 65993
46507982 4017
