2459 730349
733356 494569
1228473 673863
1902884 718698
2622130 857665
3480343 741161
4222052 593060
4815660 525828
5342036 201894
5544478 186586
5731612 245746
5977906 494922
6473376 857190
7331114 695490
8027152 638818
8666518 586477
9253543 573951
9828042 231930
10060520 231973
10293041 231622
10525211 218405
10744164 233777
10978489 322224
11301261 471748
11773557 576860
12350965 471865
12823378 467372
13291298 584467
13876313 214731
14091592 174562
14266702 295388
14562638 357770
14920956 450247
15371751 547666
15919965 461879
16382392 368049
16750989 397687
17149224 725114
17874886 1091901
18967335 952308
19920191 370115
20290854 300418
20591820 173824
20766192 272364
21039104 340273
21379925 595537
21976010 202116
22178674 300253
22479475 342824
22822847 393571
23216966 599386
23816900 524607
24342055 410035
24752638 406829
25160015 422541
25583104 460819
26044471 709743
26754762 614698
27370008 789156
28159712 990651
29150911 640277
29791736 512258
30304542 345947
30651037 565619
31217204 416633
31634385 464798
32099731 481408
32581687 562340
33144575 504736
33649859 590003
34240410 516579
34757537 580651
35338736 383808
35723092 558831
36282471 590506
36873525 511049
37385122 663822
38049492 454207
38504247 285751
38790546 375333
39166427 624504
39791479 569937
40361964 566765
40929277 318075
41247900 600011
41848459 147958
41996965 245487
42243000 429142
42672690 820179
43493417 495741
43989706 775760
44766014 717975
45484537 592735
46077820 774281
46852649 478167
47331364 187131
47519043 854076
48373667 583970
48958185 463539
49422272 319683
49742503 461732
50204783 333831
50539162 294241
50833951 514019
51348518 634474
51983540 790989
52775077 890367
53665992 341232
54007772 401266
54409586 461247
54871381 333760
55205689 344979
55551216 755367
56307131 742445
57050124 470984
57521656 344539
57866743 500121
58367412 275253
58643213 285468
58929229 293224
59223001 403162
59626711 1253464
60880723 815630
61696901 617452
62314901 555552
62871001 352236
63223785 534116
63758449 458125
64217122 383797
64601467 669459
65271474 559845
65831867 336370
66168785 358859
66528192 451832
66980572 436115
67417235 981759
68399542 884001
69284091 567632
69852271 354372
70207191 725017
70932756 582501
71515805 403333
71919686 442839
72363073 325557
72689178 366802
73056528 332942
73390018 591392
73981958 498067
74480573 387287
74868408 274618
75143574 1003821
76147943 1186937
77335428 993680
78329656 509844
78840048 481686
79322282 419961
79742791 680091
80423430 589506
81013484 424888
81438920 513316
81952784 606107
82559439 315762
82875749 536893
83413190 674079
84087817 497131
84585496 444413
85030457 337108
85368113 337739
85706400 319835
86026783 241197
86268528 488771
86757847 699436
87457831 880997
88339376 840559
89180483 709552
89890583 875020
90766151 695921
91462620 707991
92171159 639328
92811035 932799
93744382 748330
94493260 439989
94933797 731902
95666247 733818
96400613 544255
96945416 579427
97525391 440864
97966803 336504
98303855 369879
98674282 369360
99044190 313546
99358284 157792
99516624 190663
99707835 143361
99851744 208443
100060735 311156
100372439 386541
100759528 383601
101143677 236890
101381115 471072
101852735 186273
102039556 307548
102347652 487192
102835392 392538
103228478 419562
103648588 500271
104149407 401506
104551461 394518
104946527 374351
105321426 336003
105657977 1327023
106985548 1652452
108638548 559077
109198173 1080747
110279468 238486
110518502 1023822
111542872 1516718
113060138 373560
113434246 491337
113926131 244669
114171348 200641
114372537 1129949
115503034 456248
115959830 176708
116137086 178751
116316385 290957
116607890 356702
116965140 116141
117081829 300111
117382488 306788
117689824 174501
117864873 871332
118736753 919460
119656761 756133
120413442 570325
120984315 399565
121384428 184144
121569120 312032
121881700 216237
122098485 228965
122327998 214035
122542581 160763
122703892 268664
122973104 256768
123230420 235231
123466199 314704
123781451 200084
123982083 243353
124225984 308087
124534619 296452
124831619 403619
125235786 484031
125720365 503899
126224812 577237
126802597 672205
127475350 597908
128073806 543165
128617519 572670
129190737 570894
129762179 634394
130397121 614380
131012049 723173
131735770 698588
132434906 534268
132969722 507861
133478131 414465
133893144 558001
134451693 858072
135310313 1011431
136322292 1248410
137571250 1120107
138691905 1278556
139971009 1226749
141198306 1122390
142321244 1031219
143353011 940804
144294363 949729
145244640 976900
146222088 932154
147154790 794179
147949517 579435
148529500 468677
148998725 338475
149337748 227337
149565633 213861
149780042 194969
149975559 214599
150190706 187233
150378487 182754
150561789 150776
150713113 165907
150879568 619216
151499332 459934
151959814 327780
152288142 658117
152946807 704226
153651581 659385
154311514 607165
