2459 324376
327383 229700
557631 344809
902988 371189
1274725 408542
1683815 386225
2070588 402192
2473328 325663
2799539 117730
2917817 104227
3022592 140586
3163726 214747
3379021 391896
3771465 316971
4088984 310314
4399846 283775
4684169 294111
4978828 140788
5120164 140814
5261526 136528
5398602 129049
5528199 127653
5656400 181144
5838092 237197
6075837 295221
6371606 232314
6604468 235587
6840603 291349
7132500 109930
7242978 85045
7328571 132490
7461609 159746
7621903 205334
7827785 256616
8084949 229039
8314536 167109
8482193 172757
8655498 378508
9034554 545087
9580189 487831
10068568 189325
10258441 159931
10418920 92299
10511767 147028
10659343 167039
10826930 315845
11143323 105637
11249508 154982
11405038 174953
11580539 178051
11759138 248749
12008435 221145
12230128 209637
12440313 212580
12653441 207183
12861172 226676
13088396 343455
13432399 297693
13730640 379432
14110620 438928
14550096 321828
14872472 278215
15151235 172021
15323804 299816
15624168 208305
15833021 227631
16061200 242715
16304463 283396
16588407 255149
16844104 301824
17146476 258367
17405391 304864
17710803 189718
17901069 262045
18163662 281842
18446052 294719
18741319 362264
19104131 234520
19339199 132615
19472362 190992
19663902 316345
19980795 294963
20276306 300829
20577683 148668
20726899 295137
21022584 80003
21103135 117324
21221007 204765
21426320 428966
21855834 233109
22089491 398275
22488314 383373
22872235 317749
23190532 378818
23569898 238200
23808646 88789
23897983 416846
24315377 287077
24603002 217104
24820654 160176
24981378 233919
25215845 157400
25373793 154715
25529056 272675
25802279 341173
26144000 424597
26569145 495453
27065146 176786
27242480 203725
27446753 238949
27686250 165395
27852193 147571
28000312 264415
28265275 340779
28606602 221573
28828723 153130
28982401 246940
29229889 141717
29372154 145618
29518320 146255
29665123 197034
29862705 616302
30479555 426578
30906681 337187
31244416 311759
31556723 170198
31727469 273148
32001165 237168
32238881 189227
32428656 323727
32752931 273562
33027041 167044
33194633 182299
33377480 217765
33595793 189201
33785542 468502
34254592 428818
34683958 262302
34946808 182499
35129855 373855
35504258 285606
35790412 163848
35954808 186118
36141474 142976
36284998 167599
36453145 149316
36603009 309546
36913103 285996
37199647 217661
37417856 141458
37559862 478151
38038561 588800
38627909 443283
39071740 278336
39350624 243509
39594681 218125
39813354 384214
40198116 303556
40502220 230006
40732774 276700
41010022 333170
41343740 167614
41511902 274509
41786959 339794
42127301 266120
42393969 237109
42631626 190556
42822730 180482
43003760 163280
43167588 120589
43288725 216928
43506201 353044
43859793 457241
44317582 429135
44747265 372906
45120719 447001
45568268 339150
45907966 343906
46252420 309321
46562289 499255
47062092 377551
47440191 172086
47612825 341512
47954885 352300
48307733 264744
48573025 254432
48828005 206808
49035361 153200
49189109 159206
49348863 191037
49540448 171150
49712146 84113
49796807 102405
49899760 80082
49980390 112774
50093712 172226
50266486 206337
50473371 193906
50667825 121702
50790075 260439
51051062 88077
51139687 158353
51298588 226565
51525701 184795
51711044 202095
51913687 284565
52198800 273022
52472370 235287
52708205 191124
52899877 189370
53089795 762970
53853313 886596
54740457 271851
55012856 540814
55554218 111671
55666437 542121
56209106 833354
57043008 180668
57224224 270920
57495692 133263
57629503 103503
57733554 608134
58342236 250197
58592981 97817
58691346 90936
58782830 156122
58939500 154966
59095014 57665
59153227 152937
59306712 145783
59453043 73279
59526870 347505
59874923 390586
60266057 385850
60652455 294936
60947939 197109
61145596 86241
61232385 166926
61399859 111041
61511448 119204
61631200 104552
61736300 82981
61819829 108881
61929258 126544
62056350 126136
62183034 129512
62313094 89927
62403569 105353
62509470 127343
62637361 122193
62760102 175211
62935861 213573
63149982 230159
63380689 250417
63631654 310816
63943018 299079
64242645 255763
64498956 271050
64770554 273765
65044867 285903
65331318 281645
65613511 326722
65940781 327470
66268799 267772
66537119 236506
66774173 221481
66996202 368408
67365158 532401
67898107 714210
68612865 808010
69421423 797261
70219232 802153
71021933 656223
71678704 632698
72311950 599440
72911938 553990
73466476 479811
73946835 466092
74413475 439168
74853191 417989
75271728 375677
75647953 290350
75938851 157792
76097191 98491
76196230 68142
76264920 75338
76340806 87267
76428621 71716
76500885 79936
76581369 60147
76642064 66289
76708901 306494
77015943 225555
77242046 160683
77403277 353086
77756911 400695
78158154 364492
78523194 320478
