0 1911
1 324924
2 230248
3 345357
4 371737
5 409090
6 386773
7 402740
8 326211
9 118278
10 104775
11 141134
12 215295
13 392444
14 317519
15 310862
16 284323
17 294659
18 141336
19 141362
20 137076
21 129597
22 128201
23 181692
24 237745
25 295769
26 232862
27 236135
28 291897
29 110478
30 85593
31 133038
32 160294
33 205882
34 257164
35 229587
36 167657
37 173305
38 379056
39 545635
40 488379
41 189873
42 160479
43 92847
44 147576
45 167587
46 316393
47 106185
48 155530
49 175501
50 178599
51 249297
52 221693
53 210185
54 213128
55 207731
56 227224
57 344003
58 298241
59 379980
60 439476
61 322376
62 278763
63 172569
64 300364
65 208853
66 228179
67 243263
68 283944
69 255697
70 302372
71 258915
72 305412
73 190266
74 262593
75 282390
76 295267
77 362812
78 235068
79 133163
80 191540
81 316893
82 295511
83 301377
84 149216
85 295685
86 80551
87 117872
88 205313
89 429514
90 233657
91 398823
92 383921
93 318297
94 379366
95 238748
96 89337
97 417394
98 287625
99 217652
100 160724
101 234467
102 157948
103 155263
104 273223
105 341721
106 425145
107 496001
108 177334
109 204273
110 239497
111 165943
112 148119
113 264963
114 341327
115 222121
116 153678
117 247488
118 142265
119 146166
120 146803
121 197582
122 616850
123 427126
124 337735
125 312307
126 170746
127 273696
128 237716
129 189775
130 324275
131 274110
132 167592
133 182847
134 218313
135 189749
136 469050
137 429366
138 262850
139 183047
140 374403
141 286154
142 164396
143 186666
144 143524
145 168147
146 149864
147 310094
148 286544
149 218209
150 142006
151 478699
152 589348
153 443831
154 278884
155 244057
156 218673
157 384762
158 304104
159 230554
160 277248
161 333718
162 168162
163 275057
164 340342
165 266668
166 237657
167 191104
168 181030
169 163828
170 121137
171 217476
172 353592
173 457789
174 429683
175 373454
176 447549
177 339698
178 344454
179 309869
180 499803
181 378099
182 172634
183 342060
184 352848
185 265292
186 254980
187 207356
188 153748
189 159754
190 191585
191 171698
192 84661
193 102953
194 80630
195 113322
196 172774
197 206885
198 194454
199 122250
200 260987
201 88625
202 158901
203 227113
204 185343
205 202643
206 285113
207 273570
208 235835
209 191672
210 189918
211 763518
212 887144
213 272399
214 541362
215 112219
216 542669
217 833902
218 181216
219 271468
220 133811
221 104051
222 608682
223 250745
224 98365
225 91484
226 156670
227 155514
228 58213
229 153485
230 146331
231 73827
232 348053
233 391134
234 386398
235 295484
236 197657
237 86789
238 167474
239 111589
240 119752
241 105100
242 83529
243 109429
244 127092
245 126684
246 130060
247 90475
248 105901
249 127891
250 122741
251 175759
252 214121
253 230707
254 250965
255 311364
256 299627
257 256311
258 271598
259 274313
260 286451
261 282193
262 327270
263 328018
264 268320
265 237054
266 222029
267 368956
268 532949
269 714758
270 808558
271 797809
272 802701
273 656771
274 633246
275 599988
276 554538
277 480359
278 466640
279 439716
280 418537
281 376225
282 290898
283 158340
284 99039
285 68690
286 75886
287 87815
288 72264
289 80484
290 60695
291 66837
292 307042
293 226103
294 161231
295 353634
296 401243
297 365040
298 321026
