0 1914
1 1328236
2 1206032
3 1672195
4 1773348
5 1704954
6 1232988
7 750390
8 734342
9 305990
10 273197
11 377479
12 922389
13 1727751
14 1403380
15 1301771
16 1249048
17 1275641
18 367660
19 368493
20 387237
21 376306
22 440424
23 647116
24 844303
25 1126328
26 1018743
27 1034068
28 1118361
29 382395
30 362499
31 693903
32 1023802
33 860838
34 1232461
35 1087096
36 700205
37 914316
38 1535846
39 1808876
40 1656348
41 961112
42 558308
43 291813
44 469832
45 586112
46 1348063
47 369217
48 521122
49 586486
50 771106
51 1263746
52 1087495
53 892110
54 916994
55 881513
56 948008
57 1386737
58 1129980
59 1534068
60 2194799
61 1401080
62 979392
63 883941
64 1082497
65 830885
66 945478
67 984442
68 1095531
69 964733
70 1091834
71 1002044
72 1059760
73 793744
74 986163
75 1003931
76 890252
77 1205789
78 866905
79 552155
80 729656
81 1191700
82 1097250
83 1088677
84 724818
85 1179777
86 270720
87 546566
88 994143
89 1606443
90 1077732
91 1495761
92 1310458
93 1106503
94 1687188
95 1037145
96 363388
97 1848316
98 1383219
99 1091631
100 640284
101 911781
102 642553
103 541826
104 937949
105 1223016
106 1485649
107 1710761
108 703595
109 812572
110 936983
111 674806
112 696077
113 2033318
114 1462287
115 950054
116 717791
117 1013430
118 639846
119 673724
120 706131
121 848237
122 2326557
123 1560854
124 1283954
125 1179641
126 839509
127 1013092
128 800379
129 755510
130 1377741
131 1083291
132 757029
133 670011
134 953176
135 1211768
136 1778097
137 1592293
138 1151002
139 694094
140 1390345
141 1128148
142 1056012
143 968181
144 620080
145 692435
146 633502
147 1100504
148 930540
149 677280
150 564280
151 2639688
152 2794107
153 2543271
154 802340
155 812282
156 833218
157 1073844
158 1140070
159 879543
160 905511
161 1180547
162 575143
163 933016
164 1219018
165 988370
166 754052
167 546632
168 757459
169 680189
170 409419
171 1011815
172 1678625
173 1999147
174 1688439
175 1596170
176 1899778
177 1382438
178 1335971
179 1301815
180 1864824
181 1562699
182 883948
183 1341051
184 1296772
185 1114734
186 1090332
187 788527
188 618104
189 744804
190 648347
191 521267
192 314869
193 343706
194 242916
195 344258
196 498371
197 631027
198 681788
199 401452
200 753743
201 378999
202 547051
203 941465
204 769985
205 904115
206 859578
207 809884
208 930592
209 662098
210 589388
211 2132078
212 2821661
213 1064023
214 1964725
215 571698
216 1766471
217 2440219
218 817273
219 857137
220 491352
221 369567
222 1862197
223 882922
224 323082
225 313958
226 492166
227 668959
228 278596
229 666624
230 926606
231 487009
232 2614993
233 2529284
234 1617741
235 1341274
236 913124
237 406364
238 574389
239 409631
240 618847
241 454385
242 297293
243 549687
244 509192
245 436217
246 724854
247 469164
248 496820
249 944496
250 1130755
251 1406390
252 1654750
253 1621578
254 1461436
255 1512607
256 1434738
257 1451742
258 1509462
259 1506274
260 1558486
261 1583910
262 1775179
263 1664179
264 1430478
265 1323239
266 1210462
267 1307889
268 1315660
269 1488008
270 2113882
271 2114293
272 2117445
273 2019573
274 1805672
275 1721797
276 1609859
277 1802077
278 1743315
279 1484961
280 1166016
281 1088448
282 791645
283 592405
284 541694
285 455730
286 370950
287 416399
288 393456
289 377035
290 316915
291 69296
292 289711
293 236132
294 127748
295 293486
296 347770
297 373701
298 408371
