2458 146417
149423 115352
265323 168157
434028 187483
622059 200766
823373 186446
1010367 225254
1236169 179680
1416397 64923
1481868 53844
1536260 86037
1622845 100269
1723662 187402
1911612 149830
2061990 150888
2213426 137978
2351952 144855
2497355 75667
2573570 77082
2651200 75301
2727049 70695
2798292 73875
2872715 100371
2973634 120973
3095155 159439
3255142 113500
3369190 114569
3484307 150693
3635548 58661
3694757 47118
3742423 69730
3812701 87025
3900274 106043
4006865 130556
4137969 119315
4257832 77350
4335730 84914
4421192 195599
4617339 274064
4891951 249072
5141571 94772
5236891 85482
5322921 47953
5371422 78142
5450112 83821
5534481 143293
5678322 55208
5734078 81215
5815841 91655
5908044 87635
5996227 113896
6110671 103465
6214684 116005
6331237 112617
6444402 108769
6553719 112168
6666435 165900
6832883 147086
6980517 187213
7168278 217584
7386410 162975
7549933 149623
7700104 82133
7782785 151213
7934546 101202
8036296 110587
8147431 127493
8275472 143088
8419108 121831
8541487 151963
8693998 133214
8827760 160834
8989142 89136
9078826 118341
9197715 131386
9329649 157345
9487542 188546
9676636 121537
9798721 65132
9864401 95600
9960549 155434
10116531 146743
10263822 147474
10411844 74144
10486536 152956
10640040 46190
10686778 62187
10749513 100339
10850400 221879
11072827 115072
11188447 207336
11396331 201788
11598667 163959
11763174 195897
11959619 117688
12077855 41948
12120351 199298
12320197 148864
12469609 111672
12581829 83463
12665840 118282
12784670 76576
12861794 76081
12938423 133696
13072667 177234
13250449 224152
13475149 264997
13740694 88951
13830193 99534
13930275 115203
14046026 80187
14126761 64486
14191795 101721
14294064 164844
14459456 104946
14564950 70257
14635755 118075
14754378 69628
14824554 69221
14894323 68626
14963497 93473
15057518 281900
15339966 223300
15563814 189021
15753383 170699
15924630 85433
16010611 142818
16153977 119480
16274005 93003
16367556 153890
16521994 128527
16651069 85890
16737507 94204
16832259 105356
16938163 85616
17024327 223861
17248736 209525
17458809 119672
17579029 94803
17674380 186460
17861388 136899
17998835 68054
18067437 80785
18148770 65120
18214438 76264
18291250 64744
18356542 163974
18521064 166673
18688285 118285
18807118 73581
18881247 182734
19064529 231500
19296577 202228
19499353 144037
19643938 123129
19767615 114421
19882584 212211
20095343 157051
20252942 122501
20375991 147201
20523740 188868
20713156 93741
20807445 150545
20958538 178505
21137591 142130
21280269 128037
21408854 107696
21517098 91656
21609302 87548
21697398 57649
21755595 99966
21856109 169440
22026097 226893
22253538 210132
22464218 187924
22652690 210875
22864113 164639
23029300 160376
23190224 146885
23337657 256736
23594941 187402
23782891 73185
23856624 156709
24013881 168347
24182776 115245
24298569 115224
24414341 99772
24514661 71408
24586617 72819
24659984 99839
24760371 92752
24853671 40323
24894542 50378
24945468 43823
24989839 59293
25049680 93930
25144158 105824
25250530 90725
25341803 65930
25408281 152439
25561268 44727
25606543 89630
25696721 112130
25809399 91682
25901629 104468
26006645 164120
26171313 138191
26310052 130962
26441562 105442
26547552 103664
26651764 429186
27081498 433119
27515165 132436
27648149 253856
27902553 57895
27960996 278163
28239707 438966
28679221 98189
28777958 147685
28926191 65238
28991977 55140
29047665 322547
29370760 143551
29514859 55220
29570627 51161
29622336 87360
29710244 86017
29796809 31238
29828595 82475
29911618 73956
29986122 33735
30020405 133534
30154487 150427
30305462 184281
30490291 142676
30633515 93763
30727826 43809
30772183 89480
30862211 59724
30922483 63409
30986440 51393
31038381 40991
31079920 48994
31129462 67676
31197686 70438
31268672 58915
31328135 39239
31367922 45140
31413610 55208
31469366 52875
31522789 80539
31603876 100240
31704664 110256
31815468 121613
31937629 144734
32082911 134598
32218057 115719
32334324 123964
32458836 117129
32576513 129568
32706629 116587
32823764 128945
32953257 134820
33088625 123858
33213031 117878
33331457 111311
33443316 171108
33614972 197104
33812624 250711
34063883 305864
34370295 306601
34677444 285910
34963902 278721
35243171 253554
35497273 230278
35728099 255245
35983892 253472
36237912 249577
36488037 214764
36703349 178168
36882065 149802
37032415 121340
37154303 85824
37240675 56035
37297258 42536
37340342 43037
37383927 50254
37434729 36598
37471875 44895
37517318 29559
37547425 27775
37575748 136520
37712816 105629
37818993 73055
37892596 171398
38064542 191022
38256112 184271
38440931 193882
