3218 29434
33680 29827
64535 30025
95588 29955
126571 29949
157548 29898
188474 29942
219444 29936
250408 29982
281418 29967
312413 29958
343399 29930
374357 29933
405318 29951
436297 29950
467275 29947
498250 30021
529299 29963
560290 29931
591249 29930
622207 29941
653176 29969
684173 29933
715134 29961
746123 29981
777132 30012
808172 29835
839035 29961
870024 30035
901087 29817
931932 30090
963050 29918
993996 29929
1024953 29967
1055948 29971
1086947 29908
1117883 30002
1148913 29927
1179868 29990
1210886 29879
1241793 29967
1272788 29997
1303813 30034
1334875 29884
1365787 29864
1396679 29962
1427669 29987
1458684 29900
1489612 29988
1520628 29992
1551648 29918
1582594 29938
1613560 29994
1644582 29900
1675510 29981
1706519 29989
1737536 29972
1768536 29907
1799471 29902
1830401 29952
1861381 29955
1892364 29936
1923328 29981
1954337 29929
1985294 29977
2016299 29948
2047275 29945
2078248 29958
2109234 29930
2140192 29966
2171186 30017
2202231 29886
2233145 30010
2264183 29946
2295157 29970
2326155 29892
2357075 29916
2388019 30002
2419049 29927
2450004 29982
2481014 29947
2511989 29847
2542864 30078
2573970 29948
2604946 29908
2635882 29974
2666884 29972
2697884 30013
2728925 29881
2759834 29937
2790799 30043
2821870 29841
2852739 29984
2883751 29959
2914738 30055
2945821 29888
2976737 29879
3007644 29965
3038637 29988
3069653 29947
3100628 29938
3131594 29906
3162528 29892
3193448 29978
3224454 30068
3255550 29921
3286499 29979
3317506 29941
3348475 29877
3379380 29992
3410400 29921
3441349 29973
3472350 29909
3503287 29988
3534303 29948
3565279 29942
3596249 30124
3627401 29763
3658192 30016
3689236 29951
3720215 29904
3751147 29985
3782160 29992
3813180 29990
3844198 29924
3875150 29876
3906054 29929
3937011 30032
3968071 29917
3999016 29932
4029952 29161
