3218 34167
38413 34874
74315 35015
110358 34918
146304 34928
182260 34927
218215 34977
254220 34911
290159 34924
326111 35030
362169 34893
398090 34943
434061 34916
470005 34950
505983 34943
541954 34935
577917 34973
613918 35007
649953 34909
685890 34910
721828 34953
757809 34930
793767 34968
829763 34931
865722 34945
901695 35008
937731 34811
973570 34962
1009560 35093
1045681 34773
1081482 35089
1117599 34872
1153499 34945
1189472 34951
1225451 35018
1261497 34847
1297372 34967
1333367 34940
1369335 34980
1405343 34905
1441276 34950
1477254 34950
1513232 35012
1549272 34889
1585189 34905
1621122 34948
1657098 34964
1693090 34913
1729031 34976
1765035 34953
1801016 34928
1836972 34937
1872937 34959
1908924 34925
1944877 35006
1980911 34956
2016895 34968
2052891 34864
2088783 34915
2124726 34950
2160704 34866
2196598 35005
2232631 34950
2268609 34949
2304586 34927
2340541 34979
2376548 34904
2412480 34980
2448488 34894
2484410 34968
2520406 34981
2556415 34919
2592362 34997
2628387 34926
2664341 34989
2700358 34852
2736238 34885
2772151 35019
2808198 34931
2844157 34984
2880169 34957
2916154 34831
2952013 35030
2988071 34975
3024074 34896
3059998 34952
3095978 34951
3131957 34983
3167968 34920
3203916 34929
3239873 34989
3275890 34863
3311781 34970
3347779 34931
3383738 35094
3419860 34848
3455736 34898
3491662 34950
3527640 34966
3563634 34952
3599614 34936
3635578 34911
3671517 34869
3707414 34968
3743410 35067
3779505 34912
3815445 34939
3851412 34946
3887386 34896
3923310 34964
3959302 34930
3995260 34948
4031236 34937
4067201 34945
4103174 34941
4139143 34952
4175123 35137
4211288 34710
4247026 34983
4283037 34951
4319016 34901
4354945 35003
4390976 34929
4426933 34964
4462925 34956
4498909 34899
4534836 34905
4570769 35002
4606799 34928
4642755 34946
4678705 34081
