3218 14913
19159 14811
34998 15032
51058 15014
67100 15030
83158 14938
99124 14973
115125 14903
131056 15039
147123 14954
163105 14982
179115 15022
195165 14851
211044 14973
227045 14992
243065 14977
259070 15055
275153 15002
291183 14962
307173 14994
323195 14944
339167 14945
355140 15008
371176 14930
387134 14990
403152 14999
419179 14941
435148 15004
451180 15027
467235 14886
483149 15183
499360 15065
515453 14820
531301 14945
547274 14977
563279 14925
579232 15003
595263 14975
611266 15041
627335 14885
643248 14996
659272 15073
675373 15032
691433 14937
707398 14825
723251 14910
739189 15001
755218 14958
771204 15028
787260 15004
803292 14980
819300 14939
835267 15005
851300 14955
867283 15022
883333 15067
899428 14843
915299 14995
931322 14863
947213 14994
963235 15009
979272 14993
995293 15031
1011352 14918
1027298 14961
1043287 14985
1059300 14996
1075324 14987
1091339 14941
1107308 14969
1123305 15073
1139406 14933
1155367 15009
1171404 15006
1187438 14940
1203406 14905
1219339 14980
1235347 14993
1251368 14947
1267343 15005
1283376 15014
1299418 14989
1315435 14994
1331457 14968
1347453 14885
1363366 15009
1379403 15055
1395486 14986
1411500 14914
1427442 14988
1443458 15038
1459524 14898
1475450 15020
1491498 14916
1507442 15036
1523506 14944
1539478 14994
1555500 14940
1571468 15008
1587504 14992
1603524 14877
1619429 14933
1635390 14958
1651376 14984
1667388 15109
1683525 14913
1699466 15050
1715544 14985
1731557 14819
1747404 15004
1763436 14963
1779427 14990
1795445 14918
1811391 15167
1827586 14892
1843506 14929
1859463 15142
1875633 14852
1891513 15012
1907553 14944
1923525 14996
1939549 15030
1955607 15065
1971700 15027
1987755 14815
2003598 15004
2019630 14906
2035564 15033
2051625 14938
2067591 14927
2083522 14648
