3218 11383
15629 11072
27729 11283
40040 11272
52340 11281
64649 11159
76836 11308
89172 11105
101305 11280
113613 11245
125886 11194
138108 11307
150443 11124
162595 11212
174835 11229
187092 11257
199377 11260
211665 11251
223944 11270
236242 11243
248513 11214
260755 11200
272983 11234
285245 11212
297485 11230
309743 11250
322021 11253
334302 11208
346538 11261
358827 11175
371030 11386
383444 11363
395835 11055
407918 11191
420137 11246
432411 11238
444677 11255
456960 11188
469176 11270
481474 11207
493709 11216
505953 11275
518256 11331
530615 11232
542875 11079
554982 11161
567171 11292
579491 11164
591683 11323
604034 11192
616254 11284
628566 11227
640821 11216
653065 11237
665330 11269
677627 11324
689979 11082
702089 11241
714358 11149
726535 11217
738780 11256
751064 11277
763369 11255
775652 11164
787844 11260
800132 11194
812354 11281
824663 11226
836917 11196
849141 11237
861406 11338
873772 11173
885973 11286
898287 11262
910577 11208
922813 11124
934965 11250
947243 11268
959539 11203
971770 11264
984062 11286
996376 11166
1008570 11328
1020926 11220
1033174 11132
1045334 11227
1057589 11319
1069936 11244
1082208 11178
1094414 11273
1106715 11286
1119029 11134
1131191 11260
1143479 11158
1155665 11307
1168000 11261
1180289 11160
1192477 11205
1204710 11305
1217043 11243
1229314 11120
1241462 11233
1253723 11208
1265959 11215
1278202 11381
1290611 11145
1302784 11305
1315117 11250
1327395 11101
1339524 11231
1351783 11238
1364049 11219
1376296 11200
1388524 11394
1400946 11136
1413110 11202
1425340 11391
1437759 11137
1449924 11269
1462221 11212
1474461 11200
1486689 11286
1499003 11384
1511415 11263
1523706 11045
1535779 11271
1548078 11191
1560297 11276
1572601 11183
1584812 11156
1596972 10991
