0
1
1 1936684398
131
1 0.000000 4.821333
0 4.864000 9.813333
0 9.856000 14.805333
0 14.848000 19.797333
0 19.840000 24.789333
0 24.832000 29.781333
0 29.824000 34.773333
0 34.816000 39.765333
0 39.808000 44.757333
0 44.800000 49.749333
0 49.792000 54.741333
0 54.784000 59.733333
0 59.776000 64.725333
0 64.768000 69.717333
0 69.760000 74.709333
0 74.752000 79.701333
0 79.744000 84.693333
0 84.736000 89.685333
0 89.728000 94.677333
0 94.720000 99.669333
0 99.712000 104.661333
0 104.704000 109.653333
0 109.696000 114.645333
0 114.688000 119.637333
0 119.680000 124.629333
0 124.672000 129.621333
0 129.664000 134.613333
0 134.656000 139.605333
0 139.648000 144.597333
0 144.640000 149.589333
0 149.632000 154.581333
0 154.624000 159.573333
0 159.616000 164.565333
0 164.608000 169.557333
0 169.600000 174.549333
0 174.592000 179.541333
0 179.584000 184.533333
0 184.576000 189.525333
0 189.568000 194.517333
0 194.560000 199.509333
0 199.552000 204.501333
0 204.544000 209.493333
0 209.536000 214.485333
0 214.528000 219.477333
0 219.520000 224.469333
0 224.512000 229.461333
0 229.504000 234.453333
0 234.496000 239.445333
0 239.488000 244.437333
0 244.480000 249.429333
0 249.472000 254.421333
0 254.464000 259.413333
0 259.456000 264.405333
0 264.448000 269.397333
0 269.440000 274.389333
0 274.432000 279.381333
0 279.424000 284.373333
0 284.416000 289.365333
0 289.408000 294.357333
0 294.400000 299.349333
0 299.392000 304.341333
0 304.384000 309.333333
0 309.376000 314.325333
0 314.368000 319.317333
0 319.360000 324.309333
0 324.352000 329.301333
0 329.344000 334.293333
0 334.336000 339.285333
0 339.328000 344.277333
0 344.320000 349.269333
0 349.312000 354.261333
0 354.304000 359.253333
0 359.296000 364.245333
0 364.288000 369.237333
0 369.280000 374.229333
0 374.272000 379.221333
0 379.264000 384.213333
0 384.256000 389.205333
0 389.248000 394.197333
0 394.240000 399.189333
0 399.232000 404.181333
0 404.224000 409.173333
0 409.216000 414.165333
0 414.208000 419.157333
0 419.200000 424.149333
0 424.192000 429.141333
0 429.184000 434.133333
0 434.176000 439.125333
0 439.168000 444.117333
0 444.160000 449.109333
0 449.152000 454.101333
0 454.144000 459.093333
0 459.136000 464.085333
0 464.128000 469.077333
0 469.120000 474.069333
0 474.112000 479.061333
0 479.104000 484.053333
0 484.096000 489.045333
0 489.088000 494.037333
0 494.080000 499.029333
0 499.072000 504.021333
0 504.064000 509.013333
0 509.056000 514.005333
0 514.048000 518.997333
0 519.040000 523.989333
0 524.032000 528.981333
0 529.024000 533.973333
0 534.016000 538.965333
0 539.008000 543.957333
0 544.000000 548.949333
0 548.992000 553.941333
0 553.984000 558.933333
0 558.976000 563.925333
0 563.968000 568.917333
0 568.960000 573.909333
0 573.952000 578.901333
0 578.944000 583.893333
0 583.936000 588.885333
0 588.928000 593.877333
0 593.920000 598.869333
0 598.912000 603.861333
0 603.904000 608.853333
0 608.896000 613.845333
0 613.888000 618.837333
0 618.880000 623.829333
0 623.872000 628.821333
0 628.864000 633.813333
0 633.856000 638.805333
0 638.848000 643.797333
0 643.840000 648.789333
0 648.832000 653.653333
