3218 19753
23999 19861
44888 19977
65893 19984
86905 20005
107938 19921
128887 19987
149902 19916
170846 20001
191875 19964
212867 19958
233853 19978
254859 19932
275819 19966
296813 19991
317832 19952
338812 20001
359841 20017
380886 19948
401862 19944
422834 19964
443826 19944
464798 19989
485815 19930
506773 19996
527797 20009
548834 19899
569761 19988
590777 20023
611828 19884
632740 20148
653916 20038
674982 19825
695835 19942
716805 19986
737819 19938
758785 19974
779787 19960
800775 20016
821819 19914
842761 19958
863747 20044
884819 20022
905869 19920
926817 19881
947726 19895
968649 20009
989686 19942
1010656 20036
1031720 19988
1052736 19958
1073722 19939
1094689 20004
1115721 19915
1136664 20013
1157705 20075
1178808 19860
1199696 19960
1220684 19908
1241620 19991
1262639 19941
1283608 19991
1304627 20004
1325659 19930
1346617 19947
1367592 19999
1388619 19950
1409597 19998
1430623 19949
1451600 19955
1472583 20067
1493678 19899
1514605 20000
1535633 20010
1556671 19950
1577649 19887
1598564 19955
1619547 20032
1640607 19954
1661589 19973
1682590 19962
1703580 19954
1724562 20016
1745606 19967
1766601 19912
1787541 19999
1808568 20012
1829608 19979
1850615 19917
1871560 19974
1892562 20013
1913603 19877
1934508 20004
1955540 19950
1976518 20050
1997596 19923
2018547 19945
2039520 19969
2060517 19988
2081533 19959
2102520 19948
2123496 19937
2144461 19890
2165379 20001
2186408 20092
2207528 19918
2228474 20021
2249523 19957
2270508 19893
2291429 19978
2312435 19944
2333407 20009
2354444 19897
2375369 20035
2396432 19975
2417435 19968
2438431 20100
2459559 19811
2480398 20001
2501427 19975
2522430 19945
2543403 19992
2564423 20045
2585496 20029
2606553 19851
2627432 19960
2648420 19888
2669336 20020
2690384 19979
2711391 19955
2732350 19473
