3342 915041
919435 889999
1810486 923531
2735069 937085
3673206 944695
4618953 1074951
5694956 947765
6643773 914419
7559244 903824
8464120 854957
9320129 861415
10182596 1078180
11261828 861185
12124065 892026
13017143 888622
13906817 923654
14831523 1078050
15910625 902559
16814236 959890
17775178 974603
18750833 847067
19598952 875726
20475730 1078554
21555336 963311
22519699 806873
23327624 1025831
24354507 983421
25338980 749792
26089824 939880
27030756 1108114
28139922 498639
28639613 993853
29634518 892084
30527654 938577
31467283 903834
32372169 1049528
33422749 891169
34314970 876429
35192451 890360
36083863 915316
37000231 985540
37986823 1005592
38993467 859782
39854301 887560
40742913 917555
41661520 1059918
42722490 994510
43718052 876966
44596070 845215
45442337 1018022
46461411 972012
47434475 817185
48252712 890742
49144506 1067060
50212618 1017786
51231456 830153
52062661 1007853
53071566 824298
53896916 874609
54772577 1084211
55857840 889164
56748056 998999
57748107 917215
58666374 932759
59600185 798525
60399762 1052353
61453167 896706
62350925 824978
63176955 1107289
64285296 891347
65177695 825053
66003800 904346
66909198 920291
67830541 967266
68798859 964351
69764262 967456
70732770 1027775
71761597 893418
72656067 938541
73595660 848656
74445368 1028829
75475249 863204
76339505 884451
77225008 1018297
78244357 866013
79111422 948513
80060987 863853
80925892 939877
81866821 1014895
82882768 1015774
83899594 767206
84667852 1062468
85731372 845695
86578119 1058222
87637393 883355
88521800 812434
89335286 1114899
90451237 892875
91345164 962795
92309011 918326
93228389 784586
94014027 1044398
95059477 942734
96003263 911525
96915840 897886
97814778 935077
98750907 854651
99606610 925066
100532728 924784
101458564 922748
102382364 921536
103304952 923642
104229646 998602
105229300 739967
105970319 774498
106745869 300044
107046965 438157
107486174 519486
108006712 815206
108822970 1013857
109837879 956888
110795819 928410
111725281 919729
112646062 928332
113575446 958373
114534871 950459
115486382 943253
116430687 921203
117352942 579296
117933290 637985
118572063 420789
