0
1
1 1986618469
131
1 0.000000 4.958333
0 5.000000 9.958333
0 10.000000 14.958333
0 15.000000 19.958333
0 20.000000 24.958333
0 25.000000 29.958333
0 30.000000 34.958333
0 35.000000 39.958333
0 40.000000 44.958333
0 45.000000 49.958333
0 50.000000 54.958333
0 55.000000 59.958333
0 60.000000 64.958333
0 65.000000 69.958333
0 70.000000 74.958333
0 75.000000 79.958333
0 80.000000 84.958333
0 85.000000 89.958333
0 90.000000 94.958333
0 95.000000 99.958333
0 100.000000 104.958333
0 105.000000 109.958333
0 110.000000 114.958333
0 115.000000 119.958333
0 120.000000 124.958333
0 125.000000 129.958333
0 130.000000 134.958333
0 135.000000 139.958333
0 140.000000 144.958333
0 145.000000 149.958333
0 150.000000 154.958333
0 155.000000 159.958333
0 160.000000 164.958333
0 165.000000 169.958333
0 170.000000 174.958333
0 175.000000 179.958333
0 180.000000 184.958333
0 185.000000 189.958333
0 190.000000 194.958333
0 195.000000 199.958333
0 200.000000 204.958333
0 205.000000 209.958333
0 210.000000 214.958333
0 215.000000 219.958333
0 220.000000 224.958333
0 225.000000 229.958333
0 230.000000 234.958333
0 235.000000 239.958333
0 240.000000 244.958333
0 245.000000 249.958333
0 250.000000 254.958333
0 255.000000 259.958333
0 260.000000 264.958333
0 265.000000 269.958333
0 270.000000 274.958333
0 275.000000 279.958333
0 280.000000 284.958333
0 285.000000 289.958333
0 290.000000 294.958333
0 295.000000 299.958333
0 300.000000 304.958333
0 305.000000 309.958333
0 310.000000 314.958333
0 315.000000 319.958333
0 320.000000 324.958333
0 325.000000 329.958333
0 330.000000 334.958333
0 335.000000 339.958333
0 340.000000 344.958333
0 345.000000 349.958333
0 350.000000 354.958333
0 355.000000 359.958333
0 360.000000 364.958333
0 365.000000 369.958333
0 370.000000 374.958333
0 375.000000 379.958333
0 380.000000 384.958333
0 385.000000 389.958333
0 390.000000 394.958333
0 395.000000 399.958333
0 400.000000 404.958333
0 405.000000 409.958333
0 410.000000 414.958333
0 415.000000 419.958333
0 420.000000 424.958333
0 425.000000 429.958333
0 430.000000 434.958333
0 435.000000 439.958333
0 440.000000 444.958333
0 445.000000 449.958333
0 450.000000 454.958333
0 455.000000 459.958333
0 460.000000 464.958333
0 465.000000 469.958333
0 470.000000 474.958333
0 475.000000 479.958333
0 480.000000 484.958333
0 485.000000 489.958333
0 490.000000 494.958333
0 495.000000 499.958333
0 500.000000 504.958333
0 505.000000 509.958333
0 510.000000 514.958333
0 515.000000 519.958333
0 520.000000 524.958333
0 525.000000 529.958333
0 530.000000 534.958333
0 535.000000 539.958333
0 540.000000 544.958333
0 545.000000 549.958333
0 550.000000 554.958333
0 555.000000 559.958333
0 560.000000 564.958333
0 565.000000 569.958333
0 570.000000 574.958333
0 575.000000 579.958333
0 580.000000 584.958333
0 585.000000 589.958333
0 590.000000 594.958333
0 595.000000 599.958333
0 600.000000 604.958333
0 605.000000 609.958333
0 610.000000 614.958333
0 615.000000 619.958333
0 620.000000 624.958333
0 625.000000 629.958333
0 630.000000 634.958333
0 635.000000 639.958333
0 640.000000 644.958333
0 645.000000 649.958333
0 650.000000 653.583333
